35 1330
47 1706
274 8808
25 955
21 914
160 4064
161 4801
48 2605
109 4611
29 1351
34 1061
432 11124
13 718
36 1494
17 731
34 1623
15 589
46 1688
92 3153
333 10073
54 2563
21 664
17 851
55 2034
50 1513
35 1337
32 1294
204 6494
208 6554
147 2816
148 2339
39 1311
302 8707
79 1862
46 1515
16 692
599 17334
41 1483
60 2038
20 877
27 857
668 19486
54 1832
566 19764
38 1602
40 2131
36 1705
136 5145
39 1532
35 1060
19 897
140 3990
107 4799
162 5995
162 5520
26 1159
44 1544
12 571
83 1666
100 3703
48 2281
49 2380
30 1239
200 4963
51 2025
444 10611
18 857
158 5919
12 574
63 2359
41 1253
16 676
44 1794
35 1120
199 6029
217 4385
16 672
11 597
35 1218
91 2819
26 958
289 10115
51 2008
33 1204
45 1482
379 13467
711 25480
10 568
52 2156
232 8651
174 4363
19 891
219 5933
23 985
81 3152
131 4377
48 1796
219 7778
13 709
90 2535
