74 2211
32 869
504 10393
206 4244
27 738
283 5779
13 460
199 5020
39 929
153 4333
19 584
111 3564
1020 23180
19 526
29 677
118 2257
610 12793
88 1665
32 981
34 1110
161 3696
459 12481
363 5045
25 765
52 1384
32 1194
266 4556
37 898
67 1589
164 4824
54 1313
34 1295
35 770
1147 22482
370 11428
48 1052
273 4438
12 415
97 2250
14 474
33 885
58 1997
19 474
564 13478
58 1213
149 4563
139 3766
29 754
31 978
55 1548
25 718
29 1146
73 2394
219 5556
95 2152
790 17129
18 636
129 3174
25 752
574 13327
119 3400
66 1880
36 1089
48 1220
22 577
57 1237
12 464
24 538
174 4190
123 3649
202 4582
19 546
16 510
40 1027
16 478
57 1297
93 1963
73 1762
16 596
102 2941
200 4223
28 786
52 1900
26 932
24 737
99 2036
103 2352
377 10221
34 901
53 1441
415 7211
43 1244
61 2323
27 678
59 1347
27 793
106 3736
54 1333
110 3463
36 1143
